5.000000000000000000e-01
8.500000000000000000e+00
1.400000000000000000e+01
1.900000000000000000e+01
2.500000000000000000e+01
3.050000000000000000e+01
3.600000000000000000e+01
4.100000000000000000e+01
4.650000000000000000e+01
5.200000000000000000e+01
5.800000000000000000e+01
6.350000000000000000e+01
6.850000000000000000e+01
7.350000000000000000e+01
7.950000000000000000e+01
8.450000000000000000e+01
9.000000000000000000e+01
9.550000000000000000e+01
1.010000000000000000e+02
1.065000000000000000e+02
1.115000000000000000e+02
1.175000000000000000e+02
1.225000000000000000e+02
1.280000000000000000e+02
1.330000000000000000e+02
1.390000000000000000e+02
1.440000000000000000e+02
1.500000000000000000e+02
1.550000000000000000e+02
1.605000000000000000e+02
1.660000000000000000e+02
1.720000000000000000e+02
1.770000000000000000e+02
1.820000000000000000e+02
1.880000000000000000e+02
1.930000000000000000e+02
1.990000000000000000e+02
2.040000000000000000e+02
2.095000000000000000e+02
2.145000000000000000e+02
2.205000000000000000e+02
2.284749999999999304e+01
2.339749999999999375e+01
2.394749999999999446e+01
2.449749999999999162e+01
2.504749999999999233e+01
2.559749999999999304e+01
2.614749999999999019e+01
2.669749999999999091e+01
2.724749999999999162e+01
2.779749999999998877e+01
2.834749999999998948e+01
2.889749999999999019e+01
2.944749999999998735e+01
2.999749999999998806e+01
3.054749999999998877e+01
3.109749999999998593e+01
3.164749999999998664e+01
3.219749999999999091e+01
3.274749999999998806e+01
3.329749999999999233e+01
3.384749999999998948e+01
3.439749999999998664e+01
3.494749999999999091e+01
3.549749999999998806e+01
3.604749999999998522e+01
3.659749999999998948e+01
3.714749999999998664e+01
3.769749999999998380e+01
3.824749999999998806e+01
3.879749999999998522e+01
3.934749999999998238e+01
3.989749999999998664e+01
4.044749999999998380e+01
4.099749999999998096e+01
4.154749999999998522e+01
4.209749999999998238e+01
4.264749999999997954e+01
4.319749999999998380e+01
4.374749999999998096e+01
4.429749999999998522e+01
4.484749999999998238e+01
4.539749999999997954e+01
4.594749999999998380e+01
4.649749999999998096e+01
4.704749999999997812e+01
4.759749999999998238e+01
4.814749999999997954e+01
4.869749999999997669e+01
4.924749999999998096e+01
4.979749999999997812e+01
5.034749999999997527e+01
5.089749999999997954e+01
5.144749999999997669e+01
5.199749999999997385e+01
5.254749999999997812e+01
5.309749999999997527e+01
5.364749999999997243e+01
5.419749999999997669e+01
5.474749999999997385e+01
5.529749999999997101e+01
5.584749999999997527e+01
5.639749999999997243e+01
5.694749999999996959e+01
5.749749999999997385e+01
5.804749999999997101e+01
5.859749999999996817e+01
5.914749999999997243e+01
5.969749999999996959e+01
6.024749999999996675e+01
6.079749999999997101e+01
6.134749999999996817e+01
6.189749999999996533e+01
6.244749999999996959e+01
6.299749999999996675e+01
6.354749999999997101e+01
6.409749999999996817e+01
6.464749999999996533e+01
6.519749999999996248e+01
6.574749999999995964e+01
6.629749999999997101e+01
6.684749999999996817e+01
6.739749999999996533e+01
6.794749999999996248e+01
6.849749999999995964e+01
6.904749999999995680e+01
6.959749999999996817e+01
7.014749999999996533e+01
7.069749999999996248e+01
7.124749999999995964e+01
7.179749999999995680e+01
7.234749999999996817e+01
7.289749999999996533e+01
7.344749999999996248e+01
7.399749999999995964e+01
7.454749999999995680e+01
7.509749999999995396e+01
7.564749999999996533e+01
7.619749999999996248e+01
7.674749999999995964e+01
7.729749999999995680e+01
7.784749999999995396e+01
7.839749999999995111e+01
7.894749999999996248e+01
7.949749999999995964e+01
8.004749999999995680e+01
8.059749999999995396e+01
8.114749999999995111e+01
8.169749999999994827e+01
8.224749999999995964e+01
8.279749999999995680e+01
8.334749999999995396e+01
8.389749999999995111e+01
8.444749999999994827e+01
8.499749999999994543e+01
8.554749999999995680e+01
8.609749999999995396e+01
8.664749999999995111e+01
8.719749999999994827e+01
8.774749999999994543e+01
8.829749999999995680e+01
8.884749999999995396e+01
8.939749999999995111e+01
8.994749999999994827e+01
9.049749999999994543e+01
9.104749999999994259e+01
9.159749999999995396e+01
9.214749999999995111e+01
9.269749999999994827e+01
9.324749999999994543e+01
9.379749999999994259e+01
9.434749999999993975e+01
9.489749999999995111e+01
9.544749999999994827e+01
9.599749999999994543e+01
9.654749999999994259e+01
9.709749999999993975e+01
9.764749999999993690e+01
9.819749999999994827e+01
9.874749999999994543e+01
9.929749999999994259e+01
9.984749999999993975e+01
1.003974999999999369e+02
1.009474999999999341e+02
1.014974999999999454e+02
1.020474999999999426e+02
1.025974999999999397e+02
1.031474999999999369e+02
1.036974999999999341e+02
1.042474999999999312e+02
1.047974999999999426e+02
1.053474999999999397e+02
1.058974999999999369e+02
1.064474999999999341e+02
1.069974999999999312e+02
1.075474999999999426e+02
1.080974999999999397e+02
1.086474999999999369e+02
1.091974999999999341e+02
1.097474999999999312e+02
1.102974999999999284e+02
1.108474999999999397e+02
1.113974999999999369e+02
1.119474999999999341e+02
1.124974999999999312e+02
1.130474999999999284e+02
1.135974999999999255e+02
1.141474999999999369e+02
1.146974999999999341e+02
1.152474999999999312e+02
1.157974999999999284e+02
1.163474999999999255e+02
1.168974999999999227e+02
1.174474999999999341e+02
1.179974999999999312e+02
1.185474999999999284e+02
1.190974999999999255e+02
1.196474999999999227e+02
1.201974999999999199e+02
1.207474999999999312e+02
1.212974999999999284e+02
1.218474999999999255e+02
1.223974999999999227e+02
1.229474999999999199e+02
1.234974999999999170e+02
1.240474999999999284e+02
1.245974999999999255e+02
1.251474999999999227e+02
1.256974999999999199e+02
1.262474999999999170e+02
1.267974999999999284e+02
1.273474999999999255e+02
1.278974999999999227e+02
1.284474999999999341e+02
1.289974999999999170e+02
1.295474999999999284e+02
1.300974999999999113e+02
1.306474999999999227e+02
1.311974999999999056e+02
1.317474999999999170e+02
1.322974999999999284e+02
1.328474999999999113e+02
1.333974999999999227e+02
1.339474999999999056e+02
1.344974999999999170e+02
1.350474999999999284e+02
1.355974999999999113e+02
1.361474999999999227e+02
1.366974999999999056e+02
1.372474999999999170e+02
1.377974999999999000e+02
1.383474999999999113e+02
1.388974999999999227e+02
1.394474999999999056e+02
1.399974999999999170e+02
1.405474999999999000e+02
1.410974999999999113e+02
1.416474999999999227e+02
1.421974999999999056e+02
1.427474999999999170e+02
1.432974999999999000e+02
1.438474999999999113e+02
1.443974999999999227e+02
1.449474999999999056e+02
1.454974999999999170e+02
1.460474999999999000e+02
1.465974999999999113e+02
1.471474999999998943e+02
1.476974999999999056e+02
1.482474999999999170e+02
1.487974999999999000e+02
1.493474999999999113e+02
1.498974999999998943e+02
1.504474999999999056e+02
1.509974999999999170e+02
1.515474999999999000e+02
1.520974999999999113e+02
1.526474999999998943e+02
1.531974999999999056e+02
1.537474999999998886e+02
1.542974999999999000e+02
1.548474999999999113e+02
1.553974999999998943e+02
1.559474999999999056e+02
1.564974999999998886e+02
1.570474999999999000e+02
1.575974999999999113e+02
1.581474999999998943e+02
1.586974999999999056e+02
1.592474999999998886e+02
1.597974999999999000e+02
1.603474999999999113e+02
1.608974999999998943e+02
1.614474999999999056e+02
1.619974999999998886e+02
1.625474999999999000e+02
1.630974999999998829e+02
1.636474999999998943e+02
1.641974999999999056e+02
1.647474999999998886e+02
1.652974999999999000e+02
1.658474999999998829e+02
1.663974999999998943e+02
1.669474999999999056e+02
1.674974999999998886e+02
1.680474999999999000e+02
1.685974999999998829e+02
1.691474999999998943e+02
1.696974999999998772e+02
1.702474999999998886e+02
1.707974999999999000e+02
1.713474999999998829e+02
1.718974999999998943e+02
1.724474999999998772e+02
1.729974999999998886e+02
1.735474999999999000e+02
1.740974999999998829e+02
1.746474999999998943e+02
1.751974999999998772e+02
1.757474999999998886e+02
1.762974999999999000e+02
1.768474999999998829e+02
1.773974999999998943e+02
1.779474999999998772e+02
1.784974999999998886e+02
1.790474999999998715e+02
1.795974999999998829e+02
1.801474999999998943e+02
1.806974999999998772e+02
1.812474999999998886e+02
1.817974999999998715e+02
1.823474999999998829e+02
1.828974999999998943e+02
1.834474999999998772e+02
1.839974999999998886e+02
1.845474999999998715e+02
1.850974999999998829e+02
1.856474999999998658e+02
1.861974999999998772e+02
1.867474999999998886e+02
1.872974999999998715e+02
1.878474999999998829e+02
1.883974999999998658e+02
1.889474999999998772e+02
1.894974999999998886e+02
1.900474999999998715e+02
1.905974999999998829e+02
1.911474999999998658e+02
1.916974999999998772e+02
1.922474999999998602e+02
1.927974999999998715e+02
1.933474999999998829e+02
1.938974999999998658e+02
1.944474999999998772e+02
1.949974999999998602e+02
1.955474999999998715e+02
1.960974999999998829e+02
1.966474999999998658e+02
1.971974999999998772e+02
1.977474999999998602e+02
1.982974999999998715e+02
1.988474999999998829e+02
1.993974999999998658e+02
1.999474999999998772e+02
2.004974999999998602e+02
2.010474999999998715e+02
2.015974999999998545e+02
2.021474999999998658e+02
2.026974999999998772e+02
2.032474999999998602e+02
2.037974999999998715e+02
2.043474999999998545e+02
2.048974999999998658e+02
2.054474999999998772e+02
2.059974999999998602e+02
2.065474999999998715e+02
2.070974999999998545e+02
2.076474999999998658e+02
2.081974999999998488e+02
2.087474999999998602e+02
2.092974999999998715e+02
2.098474999999998545e+02
2.103974999999998658e+02
2.109474999999998488e+02
2.114974999999998602e+02
2.120474999999998715e+02
2.125974999999998545e+02
2.131474999999998658e+02
2.136974999999998488e+02
2.142474999999998602e+02
2.147974999999998715e+02
2.153474999999998545e+02
2.158974999999998658e+02
2.164474999999998488e+02
2.169974999999998602e+02
2.175474999999998431e+02
2.180974999999998545e+02
2.186474999999998658e+02
2.191974999999998488e+02
2.197474999999998602e+02
2.202974999999998431e+02
2.208474999999998545e+02
2.213974999999998658e+02
2.219474999999998488e+02
2.224974999999998602e+02
2.230474999999998431e+02
2.235974999999998545e+02
2.241474999999998374e+02
2.246974999999998488e+02
2.252474999999998602e+02
2.257974999999998431e+02
2.263474999999998545e+02
2.268974999999998374e+02
2.274474999999998488e+02
2.279974999999998602e+02
2.285474999999998431e+02
2.290974999999998545e+02
2.296474999999998374e+02
2.301974999999998488e+02
2.307474999999998602e+02
2.312974999999998431e+02
2.318474999999998545e+02
2.323974999999998374e+02
2.329474999999998488e+02
2.334974999999998317e+02
2.340474999999998431e+02
2.345974999999998545e+02
2.351474999999998374e+02
2.356974999999998488e+02
2.362474999999998317e+02
2.367974999999998431e+02
2.373474999999998545e+02
2.378974999999998374e+02
2.384474999999998488e+02
2.389974999999998317e+02
2.395474999999998431e+02
2.400974999999998261e+02
2.406474999999998374e+02
2.411974999999998488e+02
2.417474999999998317e+02
2.422974999999998431e+02
2.428474999999998261e+02
2.433974999999998374e+02
2.439474999999998488e+02
2.444974999999998317e+02
2.450474999999998431e+02
2.455974999999998261e+02
2.461474999999998374e+02
2.466974999999998204e+02
2.472474999999998317e+02
2.477974999999998431e+02
2.483474999999998261e+02
2.488974999999998374e+02
2.494474999999998204e+02
2.499974999999998317e+02
2.505474999999998431e+02
2.510974999999998261e+02
2.516474999999998374e+02
2.521974999999998204e+02
2.527474999999998317e+02
2.532974999999998431e+02
2.538474999999998261e+02
2.543974999999998374e+02
2.549474999999998204e+02
2.554974999999998317e+02
2.560474999999997863e+02
2.565974999999998545e+02
2.571474999999998090e+02
2.576974999999998204e+02
2.582474999999998317e+02
2.587974999999998431e+02
2.593474999999997976e+02
2.598974999999998090e+02
2.604474999999998204e+02
2.609974999999998317e+02
2.615474999999998431e+02
2.620974999999997976e+02
2.626474999999998090e+02
2.631974999999998204e+02
2.637474999999998317e+02
2.642974999999998431e+02
2.648474999999997976e+02
2.653974999999998090e+02
2.659474999999998204e+02
2.664974999999998317e+02
2.670474999999998431e+02
2.675974999999997976e+02
2.681474999999998090e+02
2.686974999999998204e+02
2.692474999999998317e+02
2.697974999999998431e+02
2.703474999999997976e+02
2.708974999999998090e+02
2.714474999999998204e+02
2.719974999999998317e+02
2.725474999999998431e+02
2.730974999999997976e+02
2.736474999999998090e+02
2.741974999999998204e+02
2.747474999999998317e+02
2.752974999999997863e+02
2.758474999999997976e+02
2.763974999999998090e+02
2.769474999999998204e+02
2.774974999999998317e+02
2.780474999999997863e+02
2.785974999999997976e+02
2.791474999999998090e+02
2.796974999999998204e+02
2.802474999999998317e+02
2.807974999999997863e+02
2.813474999999997976e+02
2.818974999999998090e+02
2.824474999999998204e+02
2.829974999999998317e+02
2.835474999999997863e+02
2.840974999999997976e+02
2.846474999999998090e+02
2.851974999999998204e+02
2.857474999999998317e+02
2.862974999999997863e+02
2.868474999999997976e+02
2.873974999999998090e+02
2.879474999999998204e+02
2.884974999999998317e+02
2.890474999999997863e+02
2.895974999999997976e+02
2.901474999999998090e+02
2.906974999999998204e+02
2.912474999999997749e+02
2.917974999999997863e+02
2.923474999999997976e+02
2.928974999999998090e+02
2.934474999999998204e+02
2.939974999999997749e+02
2.945474999999997863e+02
2.950974999999997976e+02
2.956474999999998090e+02
2.961974999999998204e+02
2.967474999999997749e+02
2.972974999999997863e+02
2.978474999999997976e+02
2.983974999999998090e+02
2.989474999999998204e+02
2.994974999999997749e+02
3.000474999999997863e+02
3.005974999999997976e+02
3.011474999999998090e+02
3.016974999999998204e+02
3.022474999999997749e+02
3.027974999999997863e+02
3.033474999999997976e+02
3.038974999999998090e+02
3.044474999999998204e+02
3.049974999999997749e+02
3.055474999999997863e+02
3.060974999999997976e+02
3.066474999999998090e+02
3.071974999999997635e+02
3.077474999999997749e+02
3.082974999999997863e+02
3.088474999999997976e+02
3.093974999999998090e+02
3.099474999999997635e+02
3.104974999999997749e+02
3.110474999999997863e+02
3.115974999999997976e+02
3.121474999999998090e+02
3.126974999999997635e+02
3.132474999999997749e+02
3.137974999999997863e+02
3.143474999999997976e+02
3.148974999999998090e+02
3.154474999999997635e+02
3.159974999999997749e+02
3.165474999999997863e+02
3.170974999999997976e+02
3.176474999999998090e+02
3.181974999999997635e+02
3.187474999999997749e+02
3.192974999999997863e+02
3.198474999999997976e+02
3.203974999999998090e+02
3.209474999999997635e+02
3.214974999999997749e+02
3.220474999999997863e+02
3.225974999999997976e+02
3.231474999999997522e+02
3.236974999999997635e+02
3.242474999999997749e+02
3.247974999999997863e+02
3.253474999999997976e+02
3.258974999999997522e+02
3.264474999999997635e+02
3.269974999999997749e+02
3.275474999999997863e+02
3.280974999999997976e+02
3.286474999999997522e+02
3.291974999999997635e+02
3.297474999999997749e+02
3.302974999999997863e+02
3.308474999999997976e+02
3.313974999999997522e+02
3.319474999999997635e+02
3.324974999999997749e+02
3.330474999999997863e+02
3.335974999999997976e+02
3.341474999999997522e+02
3.346974999999997635e+02
3.352474999999997749e+02
3.357974999999997863e+02
3.363474999999997976e+02
3.368974999999997522e+02
3.374474999999997635e+02
3.379974999999997749e+02
3.385474999999997863e+02
3.390974999999997408e+02
3.396474999999997522e+02
3.401974999999997635e+02
3.407474999999997749e+02
3.412974999999997863e+02
3.418474999999997408e+02
3.423974999999997522e+02
3.429474999999997635e+02
3.434974999999997749e+02
3.440474999999997863e+02
3.445974999999997408e+02
3.451474999999997522e+02
3.456974999999997635e+02
3.462474999999997749e+02
3.467974999999997863e+02
3.473474999999997408e+02
3.478974999999997522e+02
3.484474999999997635e+02
3.489974999999997749e+02
3.495474999999997863e+02
3.500974999999997408e+02
3.506474999999997522e+02
3.511974999999997635e+02
3.517474999999997749e+02
3.522974999999997863e+02
3.528474999999997408e+02
3.533974999999997522e+02
3.539474999999997635e+02
3.544974999999997749e+02
3.550474999999997294e+02
3.555974999999997408e+02
3.561474999999997522e+02
3.566974999999997635e+02
3.572474999999997749e+02
3.577974999999997294e+02
3.583474999999997408e+02
3.588974999999997522e+02
3.594474999999997635e+02
3.599974999999997749e+02
3.605474999999997294e+02
3.610974999999997408e+02
3.616474999999997522e+02
3.621974999999997635e+02
3.627474999999997749e+02
3.632974999999997294e+02
3.638474999999997408e+02
3.643974999999997522e+02
3.649474999999997635e+02
3.654974999999997749e+02
3.660474999999997294e+02
3.665974999999997408e+02
3.671474999999997522e+02
3.676974999999997635e+02
3.682474999999997181e+02
3.687974999999997294e+02
3.693474999999997408e+02
3.698974999999997522e+02
3.704474999999997635e+02
3.709974999999997181e+02
3.715474999999997294e+02
3.720974999999997408e+02
3.726474999999997522e+02
3.731974999999997635e+02
3.737474999999997181e+02
3.742974999999997294e+02
3.748474999999997408e+02
3.753974999999997522e+02
3.759474999999997635e+02
3.764974999999997181e+02
3.770474999999997294e+02
3.775974999999997408e+02
3.781474999999997522e+02
3.786974999999997635e+02
3.792474999999997181e+02
3.797974999999997294e+02
3.803474999999997408e+02
3.808974999999997522e+02
3.814474999999997635e+02
3.819974999999997181e+02
3.825474999999997294e+02
3.830974999999997408e+02
3.836474999999997522e+02
3.841974999999997067e+02
3.847474999999997181e+02
3.852974999999997294e+02
3.858474999999997408e+02
3.863974999999997522e+02
3.869474999999997067e+02
3.874974999999997181e+02
3.880474999999997294e+02
3.885974999999997408e+02
3.891474999999997522e+02
3.896974999999997067e+02
3.902474999999997181e+02
3.907974999999997294e+02
3.913474999999997408e+02
3.918974999999997522e+02
3.924474999999997067e+02
3.929974999999997181e+02
3.935474999999997294e+02
3.940974999999997408e+02
3.946474999999997522e+02
3.951974999999997067e+02
3.957474999999997181e+02
3.962974999999997294e+02
3.968474999999997408e+02
3.973974999999997522e+02
3.979474999999997067e+02
3.984974999999997181e+02
3.990474999999997294e+02
3.995974999999997408e+02
4.001474999999996953e+02
4.006974999999997067e+02
4.012474999999997181e+02
4.017974999999997294e+02
4.023474999999997408e+02
4.028974999999996953e+02
4.034474999999997067e+02
4.039974999999997181e+02
4.045474999999997294e+02
4.050974999999997408e+02
4.056474999999996953e+02
4.061974999999997067e+02
4.067474999999997181e+02
4.072974999999997294e+02
4.078474999999997408e+02
4.083974999999996953e+02
4.089474999999997067e+02
4.094974999999997181e+02
4.100474999999997294e+02
4.105974999999997408e+02
4.111474999999996953e+02
4.116974999999997067e+02
4.122474999999997181e+02
4.127974999999997294e+02
4.133474999999997408e+02
4.138974999999996953e+02
4.144474999999997067e+02
4.149974999999997181e+02
4.155474999999997294e+02
4.160974999999996840e+02
4.166474999999996953e+02
4.171974999999997067e+02
4.177474999999997181e+02
4.182974999999997294e+02
4.188474999999996840e+02
4.193974999999996953e+02
4.199474999999997067e+02
4.204974999999997181e+02
4.210474999999997294e+02
4.215974999999996840e+02
4.221474999999996953e+02
4.226974999999997067e+02
4.232474999999997181e+02
4.237974999999997294e+02
4.243474999999996840e+02
4.248974999999996953e+02
4.254474999999997067e+02
4.259974999999997181e+02
4.265474999999997294e+02
4.270974999999996840e+02
4.276474999999996953e+02
4.281974999999997067e+02
4.287474999999997181e+02
4.292974999999997294e+02
4.298474999999996840e+02
4.303974999999996953e+02
4.309474999999997067e+02
4.314974999999997181e+02
4.320474999999996726e+02
4.325974999999996840e+02
4.331474999999996953e+02
4.336974999999997067e+02
4.342474999999997181e+02
4.347974999999996726e+02
4.353474999999996840e+02
4.358974999999996953e+02
4.364474999999997067e+02
4.369974999999997181e+02
4.375474999999996726e+02
4.380974999999996840e+02
4.386474999999996953e+02
4.391974999999997067e+02
4.397474999999997181e+02
4.402974999999996726e+02
4.408474999999996840e+02
4.413974999999996953e+02
4.419474999999997067e+02
4.424974999999997181e+02
4.430474999999996726e+02
4.435974999999996840e+02
4.441474999999996953e+02
4.446974999999997067e+02
4.452474999999997181e+02
4.457974999999996726e+02
4.463474999999996840e+02
4.468974999999996953e+02
4.474474999999997067e+02
4.479974999999996612e+02
4.485474999999996726e+02
4.490974999999996840e+02
4.496474999999996953e+02
4.501974999999997067e+02
4.507474999999996612e+02
4.512974999999996726e+02
4.518474999999996840e+02
4.523974999999996953e+02
4.529474999999997067e+02
4.534974999999996612e+02
4.540474999999996726e+02
4.545974999999996840e+02
4.551474999999996953e+02
4.556974999999997067e+02
4.562474999999996612e+02
4.567974999999996726e+02
4.573474999999996840e+02
4.578974999999996953e+02
4.584474999999997067e+02
4.589974999999996612e+02
4.595474999999996726e+02
4.600974999999996840e+02
4.606474999999996953e+02
4.611974999999997067e+02
4.617474999999996612e+02
4.622974999999996726e+02
4.628474999999996840e+02
4.633974999999996953e+02
4.639474999999996498e+02
4.644974999999996612e+02
4.650474999999996726e+02
4.655974999999996840e+02
4.661474999999996953e+02
4.666974999999996498e+02
4.672474999999996612e+02
4.677974999999996726e+02
4.683474999999996840e+02
4.688974999999996953e+02
4.694474999999996498e+02
4.699974999999996612e+02
4.705474999999996726e+02
4.710974999999996840e+02
4.716474999999996953e+02
4.721974999999996498e+02
4.727474999999996612e+02
4.732974999999996726e+02
4.738474999999996840e+02
4.743974999999996953e+02
4.749474999999996498e+02
4.754974999999996612e+02
4.760474999999996726e+02
4.765974999999996840e+02
4.771474999999996953e+02
4.776974999999996498e+02
4.782474999999996612e+02
4.787974999999996726e+02
4.793474999999996840e+02
4.798974999999996385e+02
4.804474999999996498e+02
4.809974999999996612e+02
4.815474999999996726e+02
4.820974999999996840e+02
4.826474999999996385e+02
4.831974999999996498e+02
4.837474999999996612e+02
4.842974999999996726e+02
4.848474999999996840e+02
4.853974999999996385e+02
4.859474999999996498e+02
4.864974999999996612e+02
4.870474999999996726e+02
4.875974999999996840e+02
4.881474999999996385e+02
4.886974999999996498e+02
4.892474999999996612e+02
4.897974999999996726e+02
4.903474999999996840e+02
4.908974999999996385e+02
4.914474999999996498e+02
4.919974999999996612e+02
4.925474999999996726e+02
4.930974999999996271e+02
4.936474999999996385e+02
4.941974999999996498e+02
4.947474999999996612e+02
4.952974999999996726e+02
4.958474999999996271e+02
4.963974999999996385e+02
4.969474999999996498e+02
4.974974999999996612e+02
4.980474999999996726e+02
4.985974999999996271e+02
4.991474999999996385e+02
4.996974999999996498e+02
5.002474999999996612e+02
5.007974999999996726e+02
5.013474999999996271e+02
5.018974999999996385e+02
5.024474999999996498e+02
5.029974999999996612e+02
5.035474999999996726e+02
5.040974999999996271e+02
5.046474999999996385e+02
5.051974999999996498e+02
5.057474999999996612e+02
5.062974999999996726e+02
5.068474999999996271e+02
5.073974999999996385e+02
5.079474999999996498e+02
5.084974999999996612e+02
5.090474999999996157e+02
5.095974999999996271e+02
5.101474999999996385e+02
5.106974999999996498e+02
5.112474999999996612e+02
5.117974999999996157e+02
5.123474999999996271e+02
5.128974999999996953e+02
5.134474999999996498e+02
5.139974999999996044e+02
5.145474999999996726e+02
5.150974999999996271e+02
5.156474999999996953e+02
5.161974999999996498e+02
5.167474999999996044e+02
5.172974999999996726e+02
5.178474999999996271e+02
5.183974999999995816e+02
5.189474999999996498e+02
5.194974999999996044e+02
5.200474999999996726e+02
5.205974999999996271e+02
5.211474999999995816e+02
5.216974999999996498e+02
5.222474999999996044e+02
5.227974999999996726e+02
5.233474999999996271e+02
5.238974999999995816e+02
5.244474999999996498e+02
5.249974999999996044e+02
5.255474999999996726e+02
5.260974999999996271e+02
5.266474999999995816e+02
5.271974999999996498e+02
5.277474999999996044e+02
5.282974999999996726e+02
5.288474999999996271e+02
5.293974999999995816e+02
5.299474999999996498e+02
5.304974999999996044e+02
5.310474999999996726e+02
5.315974999999996271e+02
5.321474999999995816e+02
5.326974999999996498e+02
5.332474999999996044e+02
5.337974999999996726e+02
5.343474999999996271e+02
5.348974999999995816e+02
5.354474999999996498e+02
5.359974999999996044e+02
5.365474999999996726e+02
5.370974999999996271e+02
5.376474999999995816e+02
5.381974999999996498e+02
5.387474999999996044e+02
5.392974999999996726e+02
5.398474999999996271e+02
5.403974999999995816e+02
5.409474999999996498e+02
5.414974999999996044e+02
5.420474999999996726e+02
5.425974999999996271e+02
5.431474999999995816e+02
5.436974999999996498e+02
5.442474999999996044e+02
5.447974999999996726e+02
5.453474999999996271e+02
5.458974999999995816e+02
5.464474999999996498e+02
5.469974999999996044e+02
5.475474999999996726e+02
5.480974999999996271e+02
5.486474999999995816e+02
5.491974999999996498e+02
5.497474999999996044e+02
5.502974999999995589e+02
5.508474999999996271e+02
5.513974999999995816e+02
5.519474999999996498e+02
5.524974999999996044e+02
5.530474999999995589e+02
5.535974999999996271e+02
5.541474999999995816e+02
5.546974999999996498e+02
5.552474999999996044e+02
5.557974999999995589e+02
5.563474999999996271e+02
5.568974999999995816e+02
5.574474999999996498e+02
5.579974999999996044e+02
5.585474999999995589e+02
5.590974999999996271e+02
5.596474999999995816e+02
5.601974999999996498e+02
5.607474999999996044e+02
5.612974999999995589e+02
5.618474999999996271e+02
5.623974999999995816e+02
5.629474999999996498e+02
5.634974999999996044e+02
5.640474999999995589e+02
5.645974999999996271e+02
5.651474999999995816e+02
5.656974999999996498e+02
5.662474999999996044e+02
5.667974999999995589e+02
5.673474999999996271e+02
5.678974999999995816e+02
5.684474999999996498e+02
5.689974999999996044e+02
5.695474999999995589e+02
5.700974999999996271e+02
5.706474999999995816e+02
5.711974999999996498e+02
5.717474999999996044e+02
5.722974999999995589e+02
5.728474999999996271e+02
5.733974999999995816e+02
5.739474999999996498e+02
5.744974999999996044e+02
5.750474999999995589e+02
5.755974999999996271e+02
5.761474999999995816e+02
5.766974999999996498e+02
5.772474999999996044e+02
5.777974999999995589e+02
5.783474999999996271e+02
5.788974999999995816e+02
5.794474999999995362e+02
5.799974999999996044e+02
5.805474999999995589e+02
5.810974999999996271e+02
5.816474999999995816e+02
5.821974999999995362e+02
5.827474999999996044e+02
5.832974999999995589e+02
5.838474999999996271e+02
5.843974999999995816e+02
5.849474999999995362e+02
5.854974999999996044e+02
5.860474999999995589e+02
5.865974999999996271e+02
5.871474999999995816e+02
5.876974999999995362e+02
5.882474999999996044e+02
5.887974999999995589e+02
5.893474999999996271e+02
5.898974999999995816e+02
5.904474999999995362e+02
5.909974999999996044e+02
5.915474999999995589e+02
5.920974999999996271e+02
5.926474999999995816e+02
5.931974999999995362e+02
5.937474999999996044e+02
5.942974999999995589e+02
5.948474999999996271e+02
5.953974999999995816e+02
5.959474999999995362e+02
5.964974999999996044e+02
5.970474999999995589e+02
5.975974999999996271e+02
5.981474999999995816e+02
5.986974999999995362e+02
5.992474999999996044e+02
5.997974999999995589e+02
6.003474999999996271e+02
6.008974999999995816e+02
6.014474999999995362e+02
6.019974999999996044e+02
6.025474999999995589e+02
6.030974999999996271e+02
6.036474999999995816e+02
6.041974999999995362e+02
6.047474999999996044e+02
6.052974999999995589e+02
6.058474999999996271e+02
6.063974999999995816e+02
6.069474999999995362e+02
6.074974999999996044e+02
6.080474999999995589e+02
6.085974999999996271e+02
6.091474999999995816e+02
6.096974999999995362e+02
6.102474999999996044e+02
6.107974999999995589e+02
6.113474999999995134e+02
6.118974999999995816e+02
6.124474999999995362e+02
6.129974999999996044e+02
6.135474999999995589e+02
6.140974999999995134e+02
6.146474999999995816e+02
6.151974999999995362e+02
6.157474999999996044e+02
6.162974999999995589e+02
6.168474999999995134e+02
6.173974999999995816e+02
6.179474999999995362e+02
6.184974999999996044e+02
6.190474999999995589e+02
6.195974999999995134e+02
6.201474999999995816e+02
6.206974999999995362e+02
6.212474999999996044e+02
6.217974999999995589e+02
6.223474999999995134e+02
6.228974999999995816e+02
6.234474999999995362e+02
6.239974999999996044e+02
6.245474999999995589e+02
6.250974999999995134e+02
6.256474999999995816e+02
6.261974999999995362e+02
6.267474999999996044e+02
6.272974999999995589e+02
6.278474999999995134e+02
6.283974999999995816e+02
6.289474999999995362e+02
6.294974999999996044e+02
6.300474999999995589e+02
6.305974999999995134e+02
6.311474999999995816e+02
6.316974999999995362e+02
6.322474999999996044e+02
6.327974999999995589e+02
6.333474999999995134e+02
6.338974999999995816e+02
6.344474999999995362e+02
6.349974999999996044e+02
6.355474999999995589e+02
6.360974999999995134e+02
6.366474999999995816e+02
6.371974999999995362e+02
6.377474999999996044e+02
6.382974999999995589e+02
6.388474999999995134e+02
6.393974999999995816e+02
6.399474999999995362e+02
6.404974999999996044e+02
6.410474999999995589e+02
6.415974999999995134e+02
6.421474999999995816e+02
6.426974999999995362e+02
6.432474999999994907e+02
6.437974999999995589e+02
6.443474999999995134e+02
6.448974999999995816e+02
6.454474999999995362e+02
6.459974999999994907e+02
6.465474999999995589e+02
6.470974999999995134e+02
6.476474999999995816e+02
6.481974999999995362e+02
6.487474999999994907e+02
6.492974999999995589e+02
6.498474999999995134e+02
6.503974999999995816e+02
6.509474999999995362e+02
6.514974999999994907e+02
6.520474999999995589e+02
6.525974999999995134e+02
6.531474999999995816e+02
6.536974999999995362e+02
6.542474999999994907e+02
6.547974999999995589e+02
6.553474999999995134e+02
6.558974999999995816e+02
6.564474999999995362e+02
6.569974999999994907e+02
6.575474999999995589e+02
6.580974999999995134e+02
6.586474999999995816e+02
6.591974999999995362e+02
6.597474999999994907e+02
6.602974999999995589e+02
6.608474999999995134e+02
6.613974999999995816e+02
6.619474999999995362e+02
6.624974999999994907e+02
6.630474999999995589e+02
6.635974999999995134e+02
6.641474999999995816e+02
6.646974999999995362e+02
6.652474999999994907e+02
6.657974999999995589e+02
6.663474999999995134e+02
6.668974999999995816e+02
6.674474999999995362e+02
6.679974999999994907e+02
6.685474999999995589e+02
6.690974999999995134e+02
6.696474999999995816e+02
6.701974999999995362e+02
6.707474999999994907e+02
6.712974999999995589e+02
6.718474999999995134e+02
6.723974999999995816e+02
6.729474999999995362e+02
6.734974999999994907e+02
6.740474999999995589e+02
6.745974999999995134e+02
6.751474999999994679e+02
6.756974999999995362e+02
6.762474999999994907e+02
6.767974999999995589e+02
6.773474999999995134e+02
6.778974999999994679e+02
6.784474999999995362e+02
6.789974999999994907e+02
6.795474999999995589e+02
6.800974999999995134e+02
6.806474999999994679e+02
6.811974999999995362e+02
6.817474999999994907e+02
6.822974999999995589e+02
6.828474999999995134e+02
6.833974999999994679e+02
6.839474999999995362e+02
6.844974999999994907e+02
6.850474999999995589e+02
6.855974999999995134e+02
6.861474999999994679e+02
6.866974999999995362e+02
6.872474999999994907e+02
6.877974999999995589e+02
6.883474999999995134e+02
6.888974999999994679e+02
6.894474999999995362e+02
6.899974999999994907e+02
6.905474999999995589e+02
6.910974999999995134e+02
6.916474999999994679e+02
6.921974999999995362e+02
6.927474999999994907e+02
6.932974999999995589e+02
6.938474999999995134e+02
6.943974999999994679e+02
6.949474999999995362e+02
6.954974999999994907e+02
6.960474999999995589e+02
6.965974999999995134e+02
6.971474999999994679e+02
6.976974999999995362e+02
6.982474999999994907e+02
6.987974999999995589e+02
6.993474999999995134e+02
6.998974999999994679e+02
7.004474999999995362e+02
7.009974999999994907e+02
7.015474999999995589e+02
7.020974999999995134e+02
7.026474999999994679e+02
7.031974999999995362e+02
7.037474999999994907e+02
7.042974999999995589e+02
7.048474999999995134e+02
7.053974999999994679e+02
7.059474999999995362e+02
7.064974999999994907e+02
7.070474999999994452e+02
7.075974999999995134e+02
7.081474999999994679e+02
7.086974999999995362e+02
7.092474999999994907e+02
7.097974999999994452e+02
7.103474999999995134e+02
7.108974999999994679e+02
7.114474999999995362e+02
7.119974999999994907e+02
7.125474999999994452e+02
7.130974999999995134e+02
7.136474999999994679e+02
7.141974999999995362e+02
7.147474999999994907e+02
7.152974999999994452e+02
7.158474999999995134e+02
7.163974999999994679e+02
7.169474999999995362e+02
7.174974999999994907e+02
7.180474999999994452e+02
7.185974999999995134e+02
7.191474999999994679e+02
7.196974999999995362e+02
7.202474999999994907e+02
7.207974999999994452e+02
7.213474999999995134e+02
7.218974999999994679e+02
7.224474999999995362e+02
7.229974999999994907e+02
7.235474999999994452e+02
7.240974999999995134e+02
7.246474999999994679e+02
7.251974999999995362e+02
7.257474999999994907e+02
7.262974999999994452e+02
7.268474999999995134e+02
7.273974999999994679e+02
7.279474999999995362e+02
7.284974999999994907e+02
7.290474999999994452e+02
7.295974999999995134e+02
7.301474999999994679e+02
7.306974999999995362e+02
7.312474999999994907e+02
7.317974999999994452e+02
7.323474999999995134e+02
7.328974999999994679e+02
7.334474999999995362e+02
7.339974999999994907e+02
7.345474999999994452e+02
7.350974999999995134e+02
7.356474999999994679e+02
7.361974999999994225e+02
7.367474999999994907e+02
7.372974999999994452e+02
7.378474999999995134e+02
7.383974999999994679e+02
7.389474999999994225e+02
7.394974999999994907e+02
7.400474999999994452e+02
7.405974999999995134e+02
7.411474999999994679e+02
7.416974999999994225e+02
7.422474999999994907e+02
7.427974999999994452e+02
7.433474999999995134e+02
7.438974999999994679e+02
7.444474999999994225e+02
7.449974999999994907e+02
7.455474999999994452e+02
7.460974999999995134e+02
7.466474999999994679e+02
7.471974999999994225e+02
7.477474999999994907e+02
7.482974999999994452e+02
7.488474999999995134e+02
7.493974999999994679e+02
7.499474999999994225e+02
7.504974999999994907e+02
7.510474999999994452e+02
7.515974999999995134e+02
7.521474999999994679e+02
7.526974999999994225e+02
7.532474999999994907e+02
7.537974999999994452e+02
7.543474999999995134e+02
7.548974999999994679e+02
7.554474999999994225e+02
7.559974999999994907e+02
7.565474999999994452e+02
7.570974999999995134e+02
7.576474999999994679e+02
7.581974999999994225e+02
7.587474999999994907e+02
7.592974999999994452e+02
7.598474999999995134e+02
7.603974999999994679e+02
7.609474999999994225e+02
7.614974999999994907e+02
7.620474999999994452e+02
7.625974999999995134e+02
7.631474999999994679e+02
7.636974999999994225e+02
7.642474999999994907e+02
7.647974999999994452e+02
7.653474999999995134e+02
7.658974999999994679e+02
7.664474999999994225e+02
7.669974999999994907e+02
7.675474999999994452e+02
7.680974999999993997e+02
7.686474999999994679e+02
7.691974999999994225e+02
7.697474999999994907e+02
7.702974999999994452e+02
7.708474999999993997e+02
7.713974999999994679e+02
7.719474999999994225e+02
7.724974999999994907e+02
7.730474999999994452e+02
7.735974999999993997e+02
7.741474999999994679e+02
7.746974999999994225e+02
7.752474999999994907e+02
7.757974999999994452e+02
7.763474999999993997e+02
7.768974999999994679e+02
7.774474999999994225e+02
7.779974999999994907e+02
7.785474999999994452e+02
7.790974999999993997e+02
7.796474999999994679e+02
7.801974999999994225e+02
7.807474999999994907e+02
7.812974999999994452e+02
7.818474999999993997e+02
7.823974999999994679e+02
7.829474999999994225e+02
7.834974999999994907e+02
7.840474999999994452e+02
7.845974999999993997e+02
7.851474999999994679e+02
7.856974999999994225e+02
7.862474999999994907e+02
7.867974999999994452e+02
7.873474999999993997e+02
7.878974999999994679e+02
7.884474999999994225e+02
7.889974999999994907e+02
7.895474999999994452e+02
7.900974999999993997e+02
7.906474999999994679e+02
7.911974999999994225e+02
7.917474999999994907e+02
7.922974999999994452e+02
7.928474999999993997e+02
7.933974999999994679e+02
7.939474999999994225e+02
7.944974999999994907e+02
7.950474999999994452e+02
7.955974999999993997e+02
7.961474999999994679e+02
7.966974999999994225e+02
7.972474999999994907e+02
7.977974999999994452e+02
7.983474999999993997e+02
7.988974999999994679e+02
7.994474999999994225e+02
7.999974999999993770e+02
8.005474999999994452e+02
8.010974999999993997e+02
8.016474999999994679e+02
8.021974999999994225e+02
8.027474999999993770e+02
8.032974999999994452e+02
8.038474999999993997e+02
8.043974999999994679e+02
8.049474999999994225e+02
8.054974999999993770e+02
8.060474999999994452e+02
8.065974999999993997e+02
8.071474999999994679e+02
8.076974999999994225e+02
8.082474999999993770e+02
8.087974999999994452e+02
8.093474999999993997e+02
8.098974999999994679e+02
8.104474999999994225e+02
8.109974999999993770e+02
8.115474999999994452e+02
8.120974999999993997e+02
8.126474999999994679e+02
8.131974999999994225e+02
8.137474999999993770e+02
8.142974999999994452e+02
8.148474999999993997e+02
8.153974999999994679e+02
8.159474999999994225e+02
8.164974999999993770e+02
8.170474999999994452e+02
8.175974999999993997e+02
8.181474999999994679e+02
8.186974999999994225e+02
8.192474999999993770e+02
8.197974999999994452e+02
8.203474999999993997e+02
8.208974999999994679e+02
8.214474999999994225e+02
8.219974999999993770e+02
8.225474999999994452e+02
8.230974999999993997e+02
8.236474999999994679e+02
8.241974999999994225e+02
8.247474999999993770e+02
8.252974999999994452e+02
8.258474999999993997e+02
8.263974999999994679e+02
8.269474999999994225e+02
8.274974999999993770e+02
8.280474999999994452e+02
8.285974999999993997e+02
8.291474999999994679e+02
8.296974999999994225e+02
8.302474999999993770e+02
8.307974999999994452e+02
8.313474999999993997e+02
8.318974999999993543e+02
8.324474999999994225e+02
8.329974999999993770e+02
8.335474999999994452e+02
8.340974999999993997e+02
8.346474999999993543e+02
8.351974999999994225e+02
8.357474999999993770e+02
8.362974999999994452e+02
8.368474999999993997e+02
8.373974999999993543e+02
8.379474999999994225e+02
8.384974999999993770e+02
8.390474999999994452e+02
8.395974999999993997e+02
8.401474999999993543e+02
8.406974999999994225e+02
8.412474999999993770e+02
8.417974999999994452e+02
8.423474999999993997e+02
8.428974999999993543e+02
8.434474999999994225e+02
8.439974999999993770e+02
8.445474999999994452e+02
8.450974999999993997e+02
8.456474999999993543e+02
8.461974999999994225e+02
8.467474999999993770e+02
8.472974999999994452e+02
8.478474999999993997e+02
8.483974999999993543e+02
8.489474999999994225e+02
8.494974999999993770e+02
8.500474999999994452e+02
8.505974999999993997e+02
8.511474999999993543e+02
8.516974999999994225e+02
8.522474999999993770e+02
8.527974999999994452e+02
8.533474999999993997e+02
8.538974999999993543e+02
8.544474999999994225e+02
8.549974999999993770e+02
8.555474999999994452e+02
8.560974999999993997e+02
8.566474999999993543e+02
8.571974999999994225e+02
8.577474999999993770e+02
8.582974999999994452e+02
8.588474999999993997e+02
8.593974999999993543e+02
8.599474999999994225e+02
8.604974999999993770e+02
8.610474999999993315e+02
8.615974999999993997e+02
8.621474999999993543e+02
8.626974999999994225e+02
8.632474999999993770e+02
8.637974999999993315e+02
8.643474999999993997e+02
8.648974999999993543e+02
8.654474999999994225e+02
8.659974999999993770e+02
8.665474999999993315e+02
8.670974999999993997e+02
8.676474999999993543e+02
8.681974999999994225e+02
8.687474999999993770e+02
8.692974999999993315e+02
8.698474999999993997e+02
8.703974999999993543e+02
8.709474999999994225e+02
8.714974999999993770e+02
8.720474999999993315e+02
8.725974999999993997e+02
8.731474999999993543e+02
8.736974999999994225e+02
8.742474999999993770e+02
8.747974999999993315e+02
8.753474999999993997e+02
8.758974999999993543e+02
8.764474999999994225e+02
8.769974999999993770e+02
8.775474999999993315e+02
8.780974999999993997e+02
8.786474999999993543e+02
8.791974999999994225e+02
8.797474999999993770e+02
8.802974999999993315e+02
8.808474999999993997e+02
8.813974999999993543e+02
8.819474999999994225e+02
8.824974999999993770e+02
8.830474999999993315e+02
8.835974999999993997e+02
8.841474999999993543e+02
8.846974999999994225e+02
8.852474999999993770e+02
8.857974999999993315e+02
8.863474999999993997e+02
8.868974999999993543e+02
8.874474999999994225e+02
8.879974999999993770e+02
8.885474999999993315e+02
8.890974999999993997e+02
8.896474999999993543e+02
8.901974999999994225e+02
8.907474999999993770e+02
8.912974999999993315e+02
8.918474999999993997e+02
8.923974999999993543e+02
8.929474999999993088e+02
8.934974999999993770e+02
8.940474999999993315e+02
8.945974999999993997e+02
8.951474999999993543e+02
8.956974999999993088e+02
8.962474999999993770e+02
8.967974999999993315e+02
8.973474999999993997e+02
8.978974999999993543e+02
8.984474999999993088e+02
8.989974999999993770e+02
8.995474999999993315e+02
9.000974999999993997e+02
9.006474999999993543e+02
9.011974999999993088e+02
9.017474999999993770e+02
9.022974999999993315e+02
9.028474999999993997e+02
9.033974999999993543e+02
9.039474999999993088e+02
9.044974999999993770e+02
9.050474999999993315e+02
9.055974999999993997e+02
9.061474999999993543e+02
9.066974999999993088e+02
9.072474999999993770e+02
9.077974999999993315e+02
9.083474999999993997e+02
9.088974999999993543e+02
9.094474999999993088e+02
9.099974999999993770e+02
9.105474999999993315e+02
9.110974999999993997e+02
9.116474999999993543e+02
9.121974999999993088e+02
9.127474999999993770e+02
9.132974999999993315e+02
9.138474999999993997e+02
9.143974999999993543e+02
9.149474999999993088e+02
9.154974999999993770e+02
9.160474999999993315e+02
9.165974999999993997e+02
9.171474999999993543e+02
9.176974999999993088e+02
9.182474999999993770e+02
9.187974999999993315e+02
9.193474999999993997e+02
9.198974999999993543e+02
9.204474999999993088e+02
9.209974999999993770e+02
9.215474999999993315e+02
9.220974999999993997e+02
9.226474999999993543e+02
9.231974999999993088e+02
9.237474999999993770e+02
9.242974999999993315e+02
9.248474999999992860e+02
9.253974999999993543e+02
9.259474999999993088e+02
9.264974999999993770e+02
9.270474999999993315e+02
9.275974999999992860e+02
9.281474999999993543e+02
9.286974999999993088e+02
9.292474999999993770e+02
9.297974999999993315e+02
9.303474999999992860e+02
9.308974999999993543e+02
9.314474999999993088e+02
9.319974999999993770e+02
9.325474999999993315e+02
9.330974999999992860e+02
9.336474999999993543e+02
9.341974999999993088e+02
9.347474999999993770e+02
9.352974999999993315e+02
9.358474999999992860e+02
9.363974999999993543e+02
9.369474999999993088e+02
9.374974999999993770e+02
9.380474999999993315e+02
9.385974999999992860e+02
9.391474999999993543e+02
9.396974999999993088e+02
9.402474999999993770e+02
9.407974999999993315e+02
9.413474999999992860e+02
9.418974999999993543e+02
9.424474999999993088e+02
9.429974999999993770e+02
9.435474999999993315e+02
9.440974999999992860e+02
9.446474999999993543e+02
9.451974999999993088e+02
9.457474999999993770e+02
9.462974999999993315e+02
9.468474999999992860e+02
9.473974999999993543e+02
9.479474999999993088e+02
9.484974999999993770e+02
9.490474999999993315e+02
9.495974999999992860e+02
9.501474999999993543e+02
9.506974999999993088e+02
9.512474999999993770e+02
9.517974999999993315e+02
9.523474999999992860e+02
9.528974999999993543e+02
9.534474999999993088e+02
9.539974999999993770e+02
9.545474999999993315e+02
9.550974999999992860e+02
9.556474999999993543e+02
9.561974999999993088e+02
9.567474999999992633e+02
9.572974999999993315e+02
9.578474999999992860e+02
9.583974999999993543e+02
9.589474999999993088e+02
9.594974999999992633e+02
9.600474999999993315e+02
9.605974999999992860e+02
9.611474999999993543e+02
9.616974999999993088e+02
9.622474999999992633e+02
9.627974999999993315e+02
9.633474999999992860e+02
9.638974999999993543e+02
9.644474999999993088e+02
9.649974999999992633e+02
9.655474999999993315e+02
9.660974999999992860e+02
9.666474999999993543e+02
9.671974999999993088e+02
9.677474999999992633e+02
9.682974999999993315e+02
9.688474999999992860e+02
9.693974999999993543e+02
9.699474999999993088e+02
9.704974999999992633e+02
9.710474999999993315e+02
9.715974999999992860e+02
9.721474999999993543e+02
9.726974999999993088e+02
9.732474999999992633e+02
9.737974999999993315e+02
9.743474999999992860e+02
9.748974999999993543e+02
9.754474999999993088e+02
9.759974999999992633e+02
9.765474999999993315e+02
9.770974999999992860e+02
9.776474999999993543e+02
9.781974999999993088e+02
9.787474999999992633e+02
9.792974999999993315e+02
9.798474999999992860e+02
9.803974999999993543e+02
9.809474999999993088e+02
9.814974999999992633e+02
9.820474999999993315e+02
9.825974999999992860e+02
9.831474999999993543e+02
9.836974999999993088e+02
9.842474999999992633e+02
9.847974999999993315e+02
9.853474999999992860e+02
9.858974999999992406e+02
9.864474999999993088e+02
9.869974999999992633e+02
9.875474999999993315e+02
9.880974999999992860e+02
9.886474999999992406e+02
9.891974999999993088e+02
9.897474999999992633e+02
9.902974999999993315e+02
9.908474999999992860e+02
9.913974999999992406e+02
9.919474999999993088e+02
9.924974999999992633e+02
9.930474999999993315e+02
9.935974999999992860e+02
9.941474999999992406e+02
9.946974999999993088e+02
9.952474999999992633e+02
9.957974999999993315e+02
9.963474999999992860e+02
9.968974999999992406e+02
9.974474999999993088e+02
9.979974999999992633e+02
9.985474999999993315e+02
9.990974999999992860e+02
9.996474999999992406e+02
1.000197499999999309e+03
1.000747499999999263e+03
1.001297499999999332e+03
1.001847499999999286e+03
1.002397499999999241e+03
1.002947499999999309e+03
1.003497499999999263e+03
1.004047499999999332e+03
1.004597499999999286e+03
1.005147499999999241e+03
1.005697499999999309e+03
1.006247499999999263e+03
1.006797499999999332e+03
1.007347499999999286e+03
1.007897499999999241e+03
1.008447499999999309e+03
1.008997499999999263e+03
1.009547499999999332e+03
1.010097499999999286e+03
1.010647499999999241e+03
1.011197499999999309e+03
1.011747499999999263e+03
1.012297499999999332e+03
1.012847499999999286e+03
1.013397499999999241e+03
1.013947499999999309e+03
1.014497499999999263e+03
1.015047499999999332e+03
1.015597499999999286e+03
1.016147499999999241e+03
1.016697499999999309e+03
1.017247499999999263e+03
1.017797499999999218e+03
1.018347499999999286e+03
1.018897499999999241e+03
1.019447499999999309e+03
1.019997499999999263e+03
1.020547499999999218e+03
1.021097499999999286e+03
1.021647499999999241e+03
1.022197499999999309e+03
1.022747499999999263e+03
1.023297499999999218e+03
1.023847499999999286e+03
1.024397499999999127e+03
1.024947499999999081e+03
1.025497499999999263e+03
1.026047499999999218e+03
1.026597499999999172e+03
1.027147499999999127e+03
1.027697499999999081e+03
1.028247499999999263e+03
1.028797499999999218e+03
1.029347499999999172e+03
1.029897499999999127e+03
1.030447499999999081e+03
1.030997499999999263e+03
1.031547499999999218e+03
1.032097499999999172e+03
1.032647499999999127e+03
1.033197499999999081e+03
1.033747499999999036e+03
1.034297499999999218e+03
1.034847499999999172e+03
1.035397499999999127e+03
1.035947499999999081e+03
1.036497499999999036e+03
1.037047499999999218e+03
1.037597499999999172e+03
1.038147499999999127e+03
1.038697499999999081e+03
1.039247499999999036e+03
1.039797499999999218e+03
1.040347499999999172e+03
1.040897499999999127e+03
1.041447499999999081e+03
1.041997499999999036e+03
1.042547499999999218e+03
1.043097499999999172e+03
1.043647499999999127e+03
1.044197499999999081e+03
1.044747499999999036e+03
1.045297499999999218e+03
1.045847499999999172e+03
1.046397499999999127e+03
1.046947499999999081e+03
1.047497499999999036e+03
1.048047499999999218e+03
1.048597499999999172e+03
1.049147499999999127e+03
1.049697499999999081e+03
1.050247499999999036e+03
1.050797499999999218e+03
1.051347499999999172e+03
1.051897499999999127e+03
1.052447499999999081e+03
1.052997499999999036e+03
1.053547499999999218e+03
1.054097499999999172e+03
1.054647499999999127e+03
1.055197499999999081e+03
1.055747499999999036e+03
1.056297499999999218e+03
1.056847499999999172e+03
1.057397499999999127e+03
1.057947499999999081e+03
1.058497499999999036e+03
1.059047499999999218e+03
1.059597499999999172e+03
1.060147499999999127e+03
1.060697499999999081e+03
1.061247499999999036e+03
1.061797499999999218e+03
1.062347499999999172e+03
1.062897499999999127e+03
1.063447499999999081e+03
1.063997499999999036e+03
1.064547499999999218e+03
1.065097499999999172e+03
1.065647499999999127e+03
1.066197499999999081e+03
1.066747499999999036e+03
1.067297499999999218e+03
1.067847499999999172e+03
1.068397499999999127e+03
1.068947499999999081e+03
1.069497499999999036e+03
1.070047499999999218e+03
1.070597499999999172e+03
1.071147499999999127e+03
1.071697499999999081e+03
1.072247499999999036e+03
1.072797499999999218e+03
1.073347499999999172e+03
1.073897499999999127e+03
1.074447499999999081e+03
1.074997499999999036e+03
1.075547499999999218e+03
1.076097499999999172e+03
1.076647499999999127e+03
1.077197499999999081e+03
1.077747499999999036e+03
1.078297499999999218e+03
1.078847499999999172e+03
1.079397499999999127e+03
1.079947499999999081e+03
1.080497499999999036e+03
1.081047499999999218e+03
1.081597499999999172e+03
1.082147499999999127e+03
1.082697499999999081e+03
1.083247499999999036e+03
1.083797499999999218e+03
1.084347499999999172e+03
1.084897499999999127e+03
1.085447499999999081e+03
1.085997499999999036e+03
1.086547499999999218e+03
1.087097499999999172e+03
1.087647499999999127e+03
1.088197499999999081e+03
1.088747499999999036e+03
1.089297499999999218e+03
1.089847499999999172e+03
1.090397499999999127e+03
1.090947499999999081e+03
1.091497499999999036e+03
1.092047499999999218e+03
1.092597499999999172e+03
1.093147499999999127e+03
1.093697499999999081e+03
1.094247499999999036e+03
1.094797499999999218e+03
1.095347499999999172e+03
1.095897499999999127e+03
1.096447499999999081e+03
1.096997499999999036e+03
1.097547499999998990e+03
1.098097499999999172e+03
1.098647499999999127e+03
1.099197499999999081e+03
1.099747499999999036e+03
1.100297499999998990e+03
1.100847499999999172e+03
1.101397499999999127e+03
1.101947499999999081e+03
1.102497499999999036e+03
1.103047499999998990e+03
1.103597499999999172e+03
1.104147499999999127e+03
1.104697499999999081e+03
1.105247499999999036e+03
1.105797499999998990e+03
1.106347499999999172e+03
1.106897499999999127e+03
1.107447499999999081e+03
1.107997499999999036e+03
1.108547499999998990e+03
1.109097499999999172e+03
1.109647499999999127e+03
1.110197499999999081e+03
1.110747499999999036e+03
1.111297499999998990e+03
1.111847499999999172e+03
1.112397499999999127e+03
1.112947499999999081e+03
1.113497499999999036e+03
1.114047499999998990e+03
1.114597499999999172e+03
1.115147499999999127e+03
1.115697499999999081e+03
1.116247499999999036e+03
1.116797499999998990e+03
1.117347499999999172e+03
1.117897499999999127e+03
1.118447499999999081e+03
1.118997499999999036e+03
1.119547499999998990e+03
1.120097499999999172e+03
1.120647499999999127e+03
1.121197499999999081e+03
1.121747499999999036e+03
1.122297499999998990e+03
1.122847499999999172e+03
1.123397499999999127e+03
1.123947499999999081e+03
1.124497499999999036e+03
1.125047499999998990e+03
1.125597499999999172e+03
1.126147499999999127e+03
1.126697499999999081e+03
1.127247499999999036e+03
1.127797499999998990e+03
1.128347499999999172e+03
1.128897499999999127e+03
1.129447499999999081e+03
1.129997499999999036e+03
1.130547499999998990e+03
1.131097499999999172e+03
1.131647499999999127e+03
1.132197499999999081e+03
1.132747499999999036e+03
1.133297499999998990e+03
1.133847499999999172e+03
1.134397499999999127e+03
1.134947499999999081e+03
1.135497499999999036e+03
1.136047499999998990e+03
1.136597499999999172e+03
1.137147499999999127e+03
1.137697499999999081e+03
1.138247499999999036e+03
1.138797499999998990e+03
1.139347499999999172e+03
1.139897499999999127e+03
1.140447499999999081e+03
1.140997499999999036e+03
1.141547499999998990e+03
1.142097499999999172e+03
1.142647499999999127e+03
1.143197499999999081e+03
1.143747499999999036e+03
1.144297499999998990e+03
1.144847499999999172e+03
1.145397499999999127e+03
1.145947499999999081e+03
1.146497499999999036e+03
1.147047499999998990e+03
1.147597499999999172e+03
1.148147499999999127e+03
1.148697499999999081e+03
1.149247499999999036e+03
1.149797499999998990e+03
1.150347499999999172e+03
1.150897499999999127e+03
1.151447499999999081e+03
1.151997499999999036e+03
1.152547499999998990e+03
1.153097499999999172e+03
1.153647499999999127e+03
1.154197499999999081e+03
1.154747499999999036e+03
1.155297499999998990e+03
1.155847499999999172e+03
1.156397499999999127e+03
1.156947499999999081e+03
1.157497499999999036e+03
1.158047499999998990e+03
1.158597499999998945e+03
1.159147499999999127e+03
1.159697499999999081e+03
1.160247499999999036e+03
1.160797499999998990e+03
1.161347499999998945e+03
1.161897499999999127e+03
1.162447499999999081e+03
1.162997499999999036e+03
1.163547499999998990e+03
1.164097499999998945e+03
1.164647499999999127e+03
1.165197499999999081e+03
1.165747499999999036e+03
1.166297499999998990e+03
1.166847499999998945e+03
1.167397499999999127e+03
1.167947499999999081e+03
1.168497499999999036e+03
1.169047499999998990e+03
1.169597499999998945e+03
1.170147499999999127e+03
1.170697499999999081e+03
1.171247499999999036e+03
1.171797499999998990e+03
1.172347499999998945e+03
1.172897499999999127e+03
1.173447499999999081e+03
1.173997499999999036e+03
1.174547499999998990e+03
1.175097499999998945e+03
1.175647499999999127e+03
1.176197499999999081e+03
1.176747499999999036e+03
1.177297499999998990e+03
1.177847499999998945e+03
1.178397499999999127e+03
1.178947499999999081e+03
1.179497499999999036e+03
1.180047499999998990e+03
1.180597499999998945e+03
1.181147499999999127e+03
1.181697499999999081e+03
1.182247499999999036e+03
1.182797499999998990e+03
1.183347499999998945e+03
1.183897499999999127e+03
1.184447499999999081e+03
1.184997499999999036e+03
1.185547499999998990e+03
1.186097499999998945e+03
1.186647499999999127e+03
1.187197499999999081e+03
1.187747499999999036e+03
1.188297499999998990e+03
1.188847499999998945e+03
1.189397499999999127e+03
1.189947499999999081e+03
1.190497499999999036e+03
1.191047499999998990e+03
1.191597499999998945e+03
1.192147499999999127e+03
1.192697499999999081e+03
1.193247499999999036e+03
1.193797499999998990e+03
1.194347499999998945e+03
1.194897499999999127e+03
1.195447499999999081e+03
1.195997499999999036e+03
1.196547499999998990e+03
1.197097499999998945e+03
1.197647499999999127e+03
1.198197499999999081e+03
1.198747499999999036e+03
1.199297499999998990e+03
1.199847499999998945e+03
1.200397499999999127e+03
1.200947499999999081e+03
1.201497499999999036e+03
1.202047499999998990e+03
1.202597499999998945e+03
1.203147499999999127e+03
1.203697499999999081e+03
1.204247499999999036e+03
1.204797499999998990e+03
1.205347499999998945e+03
1.205897499999999127e+03
1.206447499999999081e+03
1.206997499999999036e+03
1.207547499999998990e+03
1.208097499999998945e+03
1.208647499999999127e+03
1.209197499999999081e+03
1.209747499999999036e+03
1.210297499999998990e+03
1.210847499999998945e+03
1.211397499999999127e+03
1.211947499999999081e+03
1.212497499999999036e+03
1.213047499999998990e+03
1.213597499999998945e+03
1.214147499999999127e+03
1.214697499999999081e+03
1.215247499999999036e+03
1.215797499999998990e+03
1.216347499999998945e+03
1.216897499999999127e+03
1.217447499999999081e+03
1.217997499999999036e+03
1.218547499999998990e+03
1.219097499999998945e+03
1.219647499999999127e+03
1.220197499999999081e+03
1.220747499999999036e+03
1.221297499999998990e+03
1.221847499999998945e+03
1.222397499999998900e+03
1.222947499999999081e+03
1.223497499999999036e+03
1.224047499999998990e+03
1.224597499999998945e+03
1.225147499999998900e+03
1.225697499999999081e+03
1.226247499999999036e+03
1.226797499999998990e+03
1.227347499999998945e+03
1.227897499999998900e+03
1.228447499999999081e+03
1.228997499999999036e+03
1.229547499999998990e+03
1.230097499999998945e+03
1.230647499999998900e+03
1.231197499999999081e+03
1.231747499999999036e+03
1.232297499999998990e+03
1.232847499999998945e+03
1.233397499999998900e+03
1.233947499999999081e+03
1.234497499999999036e+03
1.235047499999998990e+03
1.235597499999998945e+03
1.236147499999998900e+03
1.236697499999999081e+03
1.237247499999999036e+03
1.237797499999998990e+03
1.238347499999998945e+03
1.238897499999998900e+03
1.239447499999999081e+03
1.239997499999999036e+03
1.240547499999998990e+03
1.241097499999998945e+03
1.241647499999998900e+03
1.242197499999999081e+03
1.242747499999999036e+03
1.243297499999998990e+03
1.243847499999998945e+03
1.244397499999998900e+03
1.244947499999999081e+03
1.245497499999999036e+03
1.246047499999998990e+03
1.246597499999998945e+03
1.247147499999998900e+03
1.247697499999999081e+03
1.248247499999999036e+03
1.248797499999998990e+03
1.249347499999998945e+03
1.249897499999998900e+03
1.250447499999999081e+03
1.250997499999999036e+03
1.251547499999998990e+03
1.252097499999998945e+03
1.252647499999998900e+03
1.253197499999999081e+03
1.253747499999999036e+03
1.254297499999998990e+03
1.254847499999998945e+03
1.255397499999998900e+03
1.255947499999999081e+03
1.256497499999999036e+03
1.257047499999998990e+03
1.257597499999998945e+03
1.258147499999998900e+03
1.258697499999999081e+03
1.259247499999999036e+03
1.259797499999998990e+03
1.260347499999998945e+03
1.260897499999998900e+03
1.261447499999999081e+03
1.261997499999999036e+03
1.262547499999998990e+03
1.263097499999998945e+03
1.263647499999998900e+03
1.264197499999999081e+03
1.264747499999999036e+03
1.265297499999998990e+03
1.265847499999998945e+03
1.266397499999998900e+03
1.266947499999999081e+03
1.267497499999999036e+03
1.268047499999998990e+03
1.268597499999998945e+03
1.269147499999998900e+03
1.269697499999999081e+03
1.270247499999999036e+03
1.270797499999998990e+03
1.271347499999998945e+03
1.271897499999998900e+03
1.272447499999999081e+03
1.272997499999999036e+03
1.273547499999998990e+03
1.274097499999998945e+03
1.274647499999998900e+03
1.275197499999999081e+03
1.275747499999999036e+03
1.276297499999998990e+03
1.276847499999998945e+03
1.277397499999998900e+03
1.277947499999999081e+03
1.278497499999999036e+03
1.279047499999998990e+03
1.279597499999998945e+03
1.280147499999998900e+03
1.280697499999999081e+03
1.281247499999999036e+03
1.281797499999998990e+03
1.282347499999998945e+03
1.282897499999998900e+03
1.283447499999998854e+03
1.283997499999999036e+03
1.284547499999998990e+03
1.285097499999998945e+03
1.285647499999998900e+03
1.286197499999998854e+03
1.286747499999999036e+03
1.287297499999998990e+03
1.287847499999998945e+03
1.288397499999998900e+03
1.288947499999998854e+03
1.289497499999999036e+03
1.290047499999998990e+03
1.290597499999998945e+03
1.291147499999998900e+03
1.291697499999998854e+03
1.292247499999999036e+03
1.292797499999998990e+03
1.293347499999998945e+03
1.293897499999998900e+03
1.294447499999998854e+03
1.294997499999999036e+03
1.295547499999998990e+03
1.296097499999998945e+03
1.296647499999998900e+03
1.297197499999998854e+03
1.297747499999999036e+03
1.298297499999998990e+03
1.298847499999998945e+03
1.299397499999998900e+03
1.299947499999998854e+03
1.300497499999999036e+03
1.301047499999998990e+03
1.301597499999998945e+03
1.302147499999998900e+03
1.302697499999998854e+03
1.303247499999999036e+03
1.303797499999998990e+03
1.304347499999998945e+03
1.304897499999998900e+03
1.305447499999998854e+03
1.305997499999999036e+03
1.306547499999998990e+03
1.307097499999998945e+03
1.307647499999998900e+03
1.308197499999998854e+03
1.308747499999999036e+03
1.309297499999998990e+03
1.309847499999998945e+03
1.310397499999998900e+03
1.310947499999998854e+03
1.311497499999999036e+03
1.312047499999998990e+03
1.312597499999998945e+03
1.313147499999998900e+03
1.313697499999998854e+03
1.314247499999999036e+03
1.314797499999998990e+03
1.315347499999998945e+03
1.315897499999998900e+03
1.316447499999998854e+03
1.316997499999999036e+03
1.317547499999998990e+03
1.318097499999998945e+03
1.318647499999998900e+03
1.319197499999998854e+03
1.319747499999999036e+03
1.320297499999998990e+03
1.320847499999998945e+03
1.321397499999998900e+03
1.321947499999998854e+03
1.322497499999999036e+03
1.323047499999998990e+03
1.323597499999998945e+03
1.324147499999998900e+03
1.324697499999998854e+03
1.325247499999999036e+03
1.325797499999998990e+03
1.326347499999998945e+03
1.326897499999998900e+03
1.327447499999998854e+03
1.327997499999999036e+03
1.328547499999998990e+03
1.329097499999998945e+03
1.329647499999998900e+03
1.330197499999998854e+03
1.330747499999999036e+03
1.331297499999998990e+03
1.331847499999998945e+03
1.332397499999998900e+03
1.332947499999998854e+03
1.333497499999999036e+03
1.334047499999998990e+03
1.334597499999998945e+03
1.335147499999998900e+03
1.335697499999998854e+03
1.336247499999999036e+03
1.336797499999998990e+03
1.337347499999998945e+03
1.337897499999998900e+03
1.338447499999998854e+03
1.338997499999999036e+03
1.339547499999998990e+03
1.340097499999998945e+03
1.340647499999998900e+03
1.341197499999998854e+03
1.341747499999999036e+03
1.342297499999998990e+03
1.342847499999998945e+03
1.343397499999998900e+03
1.343947499999998854e+03
1.344497499999999036e+03
1.345047499999998990e+03
1.345597499999998945e+03
1.346147499999998900e+03
1.346697499999998854e+03
1.347247499999998809e+03
1.347797499999998990e+03
1.348347499999998945e+03
1.348897499999998900e+03
1.349447499999998854e+03
1.349997499999998809e+03
1.350547499999998990e+03
1.351097499999998945e+03
1.351647499999998900e+03
1.352197499999998854e+03
1.352747499999998809e+03
1.353297499999998990e+03
1.353847499999998945e+03
1.354397499999998900e+03
1.354947499999998854e+03
1.355497499999998809e+03
1.356047499999998990e+03
1.356597499999998945e+03
1.357147499999998900e+03
1.357697499999998854e+03
1.358247499999998809e+03
1.358797499999998990e+03
1.359347499999998945e+03
1.359897499999998900e+03
1.360447499999998854e+03
1.360997499999998809e+03
1.361547499999998990e+03
1.362097499999998945e+03
1.362647499999998900e+03
1.363197499999998854e+03
1.363747499999998809e+03
1.364297499999998990e+03
1.364847499999998945e+03
1.365397499999998900e+03
1.365947499999998854e+03
1.366497499999998809e+03
1.367047499999998990e+03
1.367597499999998945e+03
1.368147499999998900e+03
1.368697499999998854e+03
1.369247499999998809e+03
1.369797499999998990e+03
1.370347499999998945e+03
1.370897499999998900e+03
1.371447499999998854e+03
1.371997499999998809e+03
1.372547499999998990e+03
1.373097499999998945e+03
1.373647499999998900e+03
1.374197499999998854e+03
1.374747499999998809e+03
1.375297499999998990e+03
1.375847499999998945e+03
1.376397499999998900e+03
1.376947499999998854e+03
1.377497499999998809e+03
1.378047499999998990e+03
1.378597499999998945e+03
1.379147499999998900e+03
1.379697499999998854e+03
1.380247499999998809e+03
1.380797499999998990e+03
1.381347499999998945e+03
1.381897499999998900e+03
1.382447499999998854e+03
1.382997499999998809e+03
1.383547499999998990e+03
1.384097499999998945e+03
1.384647499999998900e+03
1.385197499999998854e+03
1.385747499999998809e+03
1.386297499999998990e+03
1.386847499999998945e+03
1.387397499999998900e+03
1.387947499999998854e+03
1.388497499999998809e+03
1.389047499999998990e+03
1.389597499999998945e+03
1.390147499999998900e+03
1.390697499999998854e+03
1.391247499999998809e+03
1.391797499999998990e+03
1.392347499999998945e+03
1.392897499999998900e+03
1.393447499999998854e+03
1.393997499999998809e+03
1.394547499999998990e+03
1.395097499999998945e+03
1.395647499999998900e+03
1.396197499999998854e+03
1.396747499999998809e+03
1.397297499999998990e+03
1.397847499999998945e+03
1.398397499999998900e+03
1.398947499999998854e+03
1.399497499999998809e+03
1.400047499999998990e+03
1.400597499999998945e+03
1.401147499999998900e+03
1.401697499999998854e+03
1.402247499999998809e+03
1.402797499999998990e+03
1.403347499999998945e+03
1.403897499999998900e+03
1.404447499999998854e+03
1.404997499999998809e+03
1.405547499999998990e+03
1.406097499999998945e+03
1.406647499999998900e+03
1.407197499999998854e+03
1.407747499999998809e+03
1.408297499999998990e+03
1.408847499999998945e+03
1.409397499999998900e+03
1.409947499999998854e+03
1.410497499999998809e+03
1.411047499999998763e+03
1.411597499999998945e+03
1.412147499999998900e+03
1.412697499999998854e+03
1.413247499999998809e+03
1.413797499999998763e+03
1.414347499999998945e+03
1.414897499999998900e+03
1.415447499999998854e+03
1.415997499999998809e+03
1.416547499999998763e+03
1.417097499999998945e+03
1.417647499999998900e+03
1.418197499999998854e+03
1.418747499999998809e+03
1.419297499999998763e+03
1.419847499999998945e+03
1.420397499999998900e+03
1.420947499999998854e+03
1.421497499999998809e+03
1.422047499999998763e+03
1.422597499999998945e+03
1.423147499999998900e+03
1.423697499999998854e+03
1.424247499999998809e+03
1.424797499999998763e+03
1.425347499999998945e+03
1.425897499999998900e+03
1.426447499999998854e+03
1.426997499999998809e+03
1.427547499999998763e+03
1.428097499999998945e+03
1.428647499999998900e+03
1.429197499999998854e+03
1.429747499999998809e+03
1.430297499999998763e+03
1.430847499999998945e+03
1.431397499999998900e+03
1.431947499999998854e+03
1.432497499999998809e+03
1.433047499999998763e+03
1.433597499999998945e+03
1.434147499999998900e+03
1.434697499999998854e+03
1.435247499999998809e+03
1.435797499999998763e+03
1.436347499999998945e+03
1.436897499999998900e+03
1.437447499999998854e+03
1.437997499999998809e+03
1.438547499999998763e+03
1.439097499999998945e+03
1.439647499999998900e+03
1.440197499999998854e+03
1.440747499999998809e+03
1.441297499999998763e+03
1.441847499999998945e+03
1.442397499999998900e+03
1.442947499999998854e+03
1.443497499999998809e+03
1.444047499999998763e+03
1.444597499999998945e+03
1.445147499999998900e+03
1.445697499999998854e+03
1.446247499999998809e+03
1.446797499999998763e+03
1.447347499999998945e+03
1.447897499999998900e+03
1.448447499999998854e+03
1.448997499999998809e+03
1.449547499999998763e+03
1.450097499999998945e+03
1.450647499999998900e+03
1.451197499999998854e+03
1.451747499999998809e+03
1.452297499999998763e+03
1.452847499999998945e+03
1.453397499999998900e+03
1.453947499999998854e+03
1.454497499999998809e+03
1.455047499999998763e+03
1.455597499999998945e+03
1.456147499999998900e+03
1.456697499999998854e+03
1.457247499999998809e+03
1.457797499999998763e+03
1.458347499999998945e+03
1.458897499999998900e+03
1.459447499999998854e+03
1.459997499999998809e+03
1.460547499999998763e+03
1.461097499999998945e+03
1.461647499999998900e+03
1.462197499999998854e+03
1.462747499999998809e+03
1.463297499999998763e+03
1.463847499999998945e+03
1.464397499999998900e+03
1.464947499999998854e+03
1.465497499999998809e+03
1.466047499999998763e+03
1.466597499999998945e+03
1.467147499999998900e+03
1.467697499999998854e+03
1.468247499999998809e+03
1.468797499999998763e+03
1.469347499999998945e+03
1.469897499999998900e+03
1.470447499999998854e+03
1.470997499999998809e+03
1.471547499999998763e+03
1.472097499999998718e+03
1.472647499999998900e+03
1.473197499999998854e+03
1.473747499999998809e+03
1.474297499999998763e+03
1.474847499999998718e+03
1.475397499999998900e+03
1.475947499999998854e+03
1.476497499999998809e+03
1.477047499999998763e+03
1.477597499999998718e+03
1.478147499999998900e+03
1.478697499999998854e+03
1.479247499999998809e+03
1.479797499999998763e+03
1.480347499999998718e+03
1.480897499999998900e+03
1.481447499999998854e+03
1.481997499999998809e+03
1.482547499999998763e+03
1.483097499999998718e+03
1.483647499999998900e+03
1.484197499999998854e+03
1.484747499999998809e+03
1.485297499999998763e+03
1.485847499999998718e+03
1.486397499999998900e+03
1.486947499999998854e+03
1.487497499999998809e+03
1.488047499999998763e+03
1.488597499999998718e+03
1.489147499999998900e+03
1.489697499999998854e+03
1.490247499999998809e+03
1.490797499999998763e+03
1.491347499999998718e+03
1.491897499999998900e+03
1.492447499999998854e+03
1.492997499999998809e+03
1.493547499999998763e+03
1.494097499999998718e+03
1.494647499999998900e+03
1.495197499999998854e+03
1.495747499999998809e+03
1.496297499999998763e+03
1.496847499999998718e+03
1.497397499999998900e+03
1.497947499999998854e+03
1.498497499999998809e+03
1.499047499999998763e+03
1.499597499999998718e+03
1.500147499999998900e+03
